   A → D    Inftry  Mech    Bike    Recon   Flare   Anti-Ai Tank    M Tank  W Tank  Artlry  Anti-Tk Rocket  Missile Rig     Fighter Bomber  Stealth Seapl   Duster  B Cptr  T Cptr  B Bomb  G Boat  Cruiser Sub     Carrier B Ship  Lander  Special
"Inftry"    0   55  0   45  0   45  0   12  0   10  0   3   0   5   0   5   0   1   0   10  0   30  0   20  0   20  0   14  0   0   0   0   0   0   0   0   0   0   0   8   0   30  0   0   0   0   0   0   0   0   0   0   0   0   0   0   0   1
"Mech"      0   65  0   55  0   55  85  18  80  15  55  5   55  8   25  5   15  1   70  15  55  35  85  35  85  35  75  20  0   0   0   0   0   0   0   0   0   0   0   12  0   35  0   0   0   0   0   0   0   0   0   0   0   0   0   0   15  2
"Bike"      0   65  0   55  0   55  0   18  0   15  0   5   0   8   0   5   0   1   0   15  0   35  0   35  0   35  0   20  0   0   0   0   0   0   0   0   0   0   0   12  0   35  0   0   0   0   0   0   0   0   0   0   0   0   0   0   0   2
"Recon"     0   75  0   65  0   65  0   35  0   30  0   8   0   8   0   5   0   1   0   45  0   25  0   55  0   55  0   45  0   0   0   0   0   0   0   0   0   0   0   18  0   35  0   0   0   0   0   0   0   0   0   0   0   0   0   0   0   3
"Flare"     0   80  0   70  0   70  0   60  0   50  0   45  0   10  0   5   0   1   0   45  0   25  0   55  0   55  0   45  0   0   0   0   0   0   0   0   0   0   0   18  0   35  0   0   0   0   0   0   0   0   0   0   0   0   0   0   0   5
"Anti-Air"  105 0   105 0   105 0   60  0   50  0   45  0   15  0   10  0   5   0   50  0   25  0   55  0   55  0   50  0   70  0   70  0   70  0   75  0   75  0   105 0   120 0   120 0   0   0   0   0   0   0   0   0   0   0   0   0   10  0
"Tank"      0   75  0   70  0   70  85  40  80  35  75  8   55  8   35  5   20  1   70  45  30  5   85  55  85  55  75  45  0   0   0   0   0   0   0   0   0   0   0   18  0   40  0   0   55  0   9   0   9   0   8   0   8   0   18  0   20  5
"M Tank"    0   90  0   80  0   80  95  40  90  35  90  8   70  8   55  5   35  1   85  45  35  5   90  60  90  60  90  45  0   0   0   0   0   0   0   0   0   0   0   24  0   40  0   0   55  0   12  0   12  0   10  0   10  0   22  0   35  5
"W Tank"    0   105 0   95  0   95  105 45  105 40  105 10  85  10  75  10  55  1   105 45  40  5   105 65  105 65  105 45  0   0   0   0   0   0   0   0   0   0   0   35  0   45  0   0   65  0   14  0   14  0   12  0   12  0   28  0   55  8
"Artlry"    90  0   85  0   85  0   80  0   75  0   65  0   60  0   45  0   35  0   75  0   55  0   80  0   80  0   70  0   0   0   0   0   0   0   0   0   0   0   0   0   0   0   0   0   100 0   55  0   55  0   45  0   45  0   65  0   45  0
"Anti-Tk"   75  0   65  0   65  0   75  0   75  0   75  0   75  0   65  0   55  0   65  0   55  0   70  0   70  0   65  0   0   0   0   0   0   0   0   0   0   0   45  0   55  0   0   0   0   0   0   0   0   0   0   0   0   0   0   0   55  0
"Rocket"    95  0   90  0   90  0   90  0   85  0   75  0   70  0   55  0   45  0   80  0   65  0   85  0   85  0   80  0   0   0   0   0   0   0   0   0   0   0   0   0   0   0   0   0   105 0   65  0   65  0   55  0   55  0   75  0   55  0
"Missile"   0   0   0   0   0   0   0   0   0   0   0   0   0   0   0   0   0   0   0   0   0   0   0   0   0   0   0   0   100 0   100 0   100 0   100 0   100 0   120 0   120 0   120 0   0   0   0   0   0   0   0   0   0   0   0   0   0   0
"Rig"  0    0   0   0   0   0   0   0   0   0   0   0   0   0   0   0   0   0   0   0   0   0   0   0   0   0   0   0   0   0   0   0   0   0   0   0   0   0   0   0   0   0   0   0   0   0   0   0   0   0   0   0   0   0   0   0   0   0
"Fighter"   0   0   0   0   0   0   0   0   0   0   0   0   0   0   0   0   0   0   0   0   0   0   0   0   0   0   0   0   55  0   65  0   65  0   65  0   80  0   120 0   120 0   120 0   0   0   0   0   0   0   0   0   0   0   0   0   0   0
"Bomber"    115 0   110 0   110 0   105 0   105 0   85  0   105 0   95  0   75  0   105 0   80  0   105 0   95  0   105 0   0   0   0   0   0   0   0   0   0   0   0   0   0   0   0   0   120 0   50  0   95  0   85  0   85  0   95  0   90  0
"Stealth"   95  0   90  0   90  0   85  0   80  0   50  0   75  0   70  0   55  0   75  0   55  0   85  0   75  0   85  0   45  0   55  0   55  0   55  0   65  0   85  0   95  0   105 0   105 0   40  0   55  0   65  0   45  0   85  0   70  0
"Seapl"     90  0   85  0   85  0   80  0   80  0   45  0   75  0   65  0   55  0   70  0   50  0   80  0   70  0   75  0   45  0   55  0   55  0   55  0   65  0   85  0   95  0   95  0   105 0   40  0   55  0   65  0   45  0   85  0   55  0
"Duster"    55  0   45  0   45  0   18  0   15  0   5   0   8   0   5   0   1   0   15  0   5   0   20  0   20  0   15  0   40  0   45  0   45  0   45  0   55  0   75  0   90  0   95  0   0   0   0   0   0   0   0   0   0   0   0   0   5   0
"B Cptr"    0   75  0   65  0   65  75  30  75  30  10  1   70  8   45  8   35  1   65  25  20  1   75  35  55  25  70  20  0   0   0   0   0   0   0   0   0   0   0   65  0   85  0   0   85  0   5   0   25  0   25  0   25  0   25  0   20  0
"T Cptr"    0   0   0   0   0   0   0   0   0   0   0   0   0   0   0   0   0   0   0   0   0   0   0   0   0   0   0   0   0   0   0   0   0   0   0   0   0   0   0   0   0   0   0   0   0   0   0   0   0   0   0   0   0   0   0   0   0   0
"B Bomb"    0   0   0   0   0   0   0   0   0   0   0   0   0   0   0   0   0   0   0   0   0   0   0   0   0   0   0   0   0   0   0   0   0   0   0   0   0   0   0   0   0   0   0   0   0   0   0   0   0   0   0   0   0   0   0   0   0   0
"G Boat"    0   0   0   0   0   0   0   0   0   0   0   0   0   0   0   0   0   0   0   0   0   0   0   0   0   0   0   0   0   0   0   0   0   0   0   0   0   0   0   0   0   0   0   0   75  0   40  0   40  0   40  0   40  0   55  0   20  0
"Cruiser"   0   0   0   0   0   0   0   0   0   0   0   0   0   0   0   0   0   0   0   0   0   0   0   0   0   0   0   0   0   105 0   105 0   105 0   105 0   105 0   120 0   120 0   120 85  0   28  0   95  0   38  0   38  0   40  0   35  0
"Sub"  0    0   0   0   0   0   0   0   0   0   0   0   0   0   0   0   0   0   0   0   0   0   0   0   0   0   0   0   0   0   0   0   0   0   0   0   0   0   0   0   0   0   0   0   120 0   20  0   55  0   110 0   80  0   85  0   55  0
"Carrier"   0   0   0   0   0   0   0   0   0   0   0   0   0   0   0   0   0   0   0   0   0   0   0   0   0   0   0   0   0   35  0   35  0   35  0   40  0   40  0   45  0   55  0   55  0   0   0   0   0   0   0   0   0   0   0   0   0   0
"B Ship"    75  0   70  0   70  0   70  0   70  0   65  0   65  0   50  0   40  0   70  0   55  0   75  0   75  0   65  0   0   0   0   0   0   0   0   0   0   0   0   0   0   0   0   0   95  0   65  0   65  0   50  0   45  0   75  0   55  0
"Lander"    0   0   0   0   0   0   0   0   0   0   0   0   0   0   0   0   0   0   0   0   0   0   0   0   0   0   0   0   0   0   0   0   0   0   0   0   0   0   0   0   0   0   0   0   0   0   0   0   0   0   0   0   0   0   0   0   0   0